+0.0000000000e+00   +5.6481614187e-01   
+7.7336640000e-03   +5.6481610008e-01   
+1.5467325000e-02   +5.6481577938e-01   
+2.3197487000e-02   +5.6481459469e-01   
+3.0920662000e-02   +5.6481157527e-01   
+3.8633373000e-02   +5.6480537329e-01   
+4.6332158000e-02   +5.6479427800e-01   
+5.4013588000e-02   +5.6477623688e-01   
+6.1674260000e-02   +5.6474888532e-01   
+6.9310807000e-02   +5.6470958665e-01   
+7.6919913000e-02   +5.6465548416e-01   
+8.4498294000e-02   +5.6458356715e-01   
+9.2042744000e-02   +5.6449075171e-01   
+9.9550098000e-02   +5.6437397836e-01   
+1.0701726000e-01   +5.6423032600e-01   
+1.1444119000e-01   +5.6405714291e-01   
+1.2181896000e-01   +5.6385219177e-01   
+1.2914768000e-01   +5.6361381146e-01   
+1.3642456000e-01   +5.6334108656e-01   
+1.4364690000e-01   +5.6303402551e-01   
+1.5081206000e-01   +5.6269374250e-01   
+1.5791754000e-01   +5.6232263113e-01   
+1.6496091000e-01   +5.6192453514e-01   
+1.7193982000e-01   +5.6150489967e-01   
+1.7885207000e-01   +5.6107089467e-01   
+1.8569548000e-01   +5.6063151962e-01   
+1.9246808000e-01   +5.6019765050e-01   
+1.9916792000e-01   +5.5978206641e-01   
+2.0579319000e-01   +5.5939940657e-01   
+2.1234219000e-01   +5.5906608271e-01   
+2.1881332000e-01   +5.5880013283e-01   
+2.2520506000e-01   +5.5862101591e-01   
+2.3151606000e-01   +5.5854934584e-01   
+2.3774503000e-01   +5.5860657637e-01   
+2.4389079000e-01   +5.5881462889e-01   
+2.4995227000e-01   +5.5919547818e-01   
+2.5592855000e-01   +5.5977070675e-01   
+2.6181871000e-01   +5.6056101315e-01   
+2.6762199000e-01   +5.6158572949e-01   
+2.7333781000e-01   +5.6286234102e-01   
+2.7896553000e-01   +5.6440594637e-01   
+2.8450471000e-01   +5.6622884140e-01   
+2.8995499000e-01   +5.6834006338e-01   
+2.9531607000e-01   +5.7074498875e-01   
+3.0058777000e-01   +5.7344502232e-01   
+3.0576998000e-01   +5.7643730767e-01   
+3.1086266000e-01   +5.7971452493e-01   
+3.1586587000e-01   +5.8326478928e-01   
+3.2077977000e-01   +5.8707161913e-01   
+3.2560456000e-01   +5.9111393530e-01   
+3.3034050000e-01   +5.9536619471e-01   
+3.3498797000e-01   +5.9979865151e-01   
+3.3954734000e-01   +6.0437751649e-01   
+3.4401911000e-01   +6.0906543711e-01   
+3.4840384000e-01   +6.1382184300e-01   
+3.5270208000e-01   +6.1860332517e-01   
+3.5691452000e-01   +6.2336430106e-01   
+3.6104181000e-01   +6.2805734746e-01   
+3.6508474000e-01   +6.3263395586e-01   
+3.6904407000e-01   +6.3704490258e-01   
+3.7292063000e-01   +6.4124092516e-01   
+3.7671530000e-01   +6.4517325019e-01   
+3.8042900000e-01   +6.4879411200e-01   
+3.8406265000e-01   +6.5205721912e-01   
+3.8761723000e-01   +6.5491828281e-01   
+3.9109370000e-01   +6.5733537984e-01   
+3.9449313000e-01   +6.5926942985e-01   
+3.9781657000e-01   +6.6068442460e-01   
+4.0106508000e-01   +6.6154774183e-01   
+4.0423971000e-01   +6.6183038131e-01   
+4.0734160000e-01   +6.6150714707e-01   
+4.1037187000e-01   +6.6055673960e-01   
+4.1333163000e-01   +6.5896185172e-01   
+4.1622201000e-01   +6.5670918807e-01   
+4.1904420000e-01   +6.5378938200e-01   
+4.2179933000e-01   +6.5019702993e-01   
+4.2448854000e-01   +6.4593055351e-01   
+4.2711303000e-01   +6.4099195180e-01   
+4.2967397000e-01   +6.3538675470e-01   
+4.3217248000e-01   +6.2912392675e-01   
+4.3460977000e-01   +6.2221531240e-01   
+4.3698695000e-01   +6.1467588565e-01   
+4.3930525000e-01   +6.0652285757e-01   
+4.4156578000e-01   +5.9777617658e-01   
+4.4376966000e-01   +5.8845789914e-01   
+4.4591811000e-01   +5.7859147210e-01   
+4.4801220000e-01   +5.6820256309e-01   
+4.5005307000e-01   +5.5731785385e-01   
+4.5204183000e-01   +5.4596523562e-01   
+4.5397961000e-01   +5.3417329451e-01   
+4.5586747000e-01   +5.2197162446e-01   
+4.5770651000e-01   +5.0938994879e-01   
+4.5949781000e-01   +4.9645826380e-01   
+4.6124241000e-01   +4.8320681981e-01   
+4.6294135000e-01   +4.6966567104e-01   
+4.6459568000e-01   +4.5586440526e-01   
+4.6620640000e-01   +4.4183248876e-01   
+4.6777451000e-01   +4.2759873906e-01   
+4.6930102000e-01   +4.1319108651e-01   
+4.7078687000e-01   +3.9863722678e-01   
+4.7223306000e-01   +3.8396328848e-01   
+4.7364047000e-01   +3.6919554745e-01   
+4.7501010000e-01   +3.5435790313e-01   
+4.7634277000e-01   +3.3947500011e-01   
+4.7763947000e-01   +3.2456837996e-01   
+4.7890100000e-01   +3.0966046237e-01   
+4.8012826000e-01   +2.9477123957e-01   
+4.8132208000e-01   +2.7992022441e-01   
+4.8248330000e-01   +2.6512549908e-01   
+4.8361272000e-01   +2.5040433944e-01   
+4.8471117000e-01   +2.3577231784e-01   
+4.8577940000e-01   +2.2124476607e-01   
+4.8681819000e-01   +2.0683534415e-01   
+4.8782828000e-01   +1.9255700227e-01   
+4.8881042000e-01   +1.7842131568e-01   
+4.8976532000e-01   +1.6443922292e-01   
+4.9069366000e-01   +1.5062094094e-01   
+4.9159616000e-01   +1.3697495182e-01   
+4.9247351000e-01   +1.2350905991e-01   
+4.9332634000e-01   +1.1023092049e-01   
+4.9415529000e-01   +9.7147016946e-02   
+4.9496099000e-01   +8.4262996814e-02   
+4.9574405000e-01   +7.1583871490e-02   
+4.9650511000e-01   +5.9113239228e-02   
+4.9724472000e-01   +4.6855285355e-02   
+4.9796346000e-01   +3.4812872176e-02   
+4.9866188000e-01   +2.2988560341e-02   
+4.9934056000e-01   +1.1383631617e-02   
+5.0000000000e-01   +0.0000000000e+00   
