+0.0000000000e+00   +3.7666135953e-04   
+7.7336640000e-03   +3.8184851921e-04   
+1.5467325000e-02   +3.9729365899e-04   
+2.3197487000e-02   +4.2262888388e-04   
+3.0920662000e-02   +4.5721663325e-04   
+3.8633373000e-02   +5.0012877830e-04   
+4.6332158000e-02   +5.5011947048e-04   
+5.4013588000e-02   +6.0559357128e-04   
+6.1674260000e-02   +6.6457259687e-04   
+6.9310807000e-02   +7.2466105825e-04   
+7.6919913000e-02   +7.8301615776e-04   
+8.4498294000e-02   +8.3632383592e-04   
+9.2042744000e-02   +8.8078542847e-04   
+9.9550098000e-02   +9.1211745309e-04   
+1.0701726000e-01   +9.2556917790e-04   
+1.1444119000e-01   +9.1596068549e-04   
+1.2181896000e-01   +8.7774448171e-04   
+1.2914768000e-01   +8.0509340105e-04   
+1.3642456000e-01   +6.9201611681e-04   
+1.4364690000e-01   +5.3250121593e-04   
+1.5081206000e-01   +3.2069072904e-04   
+1.5791754000e-01   +5.1077674421e-05   
+1.6496091000e-01   -2.8126836455e-04   
+1.7193982000e-01   -6.8045634553e-04   
+1.7885207000e-01   -1.1495183880e-03   
+1.8569548000e-01   -1.6901332941e-03   
+1.9246808000e-01   -2.3023708018e-03   
+1.9916792000e-01   -2.9844150107e-03   
+2.0579319000e-01   -3.7323277916e-03   
+2.1234219000e-01   -4.5398262475e-03   
+2.1881332000e-01   -5.3980956234e-03   
+2.2520506000e-01   -6.2956438269e-03   
+2.3151606000e-01   -7.2182235961e-03   
+2.3774503000e-01   -8.1487855005e-03   
+2.4389079000e-01   -9.0675171995e-03   
+2.4995227000e-01   -9.9519444517e-03   
+2.5592855000e-01   -1.0777107416e-02   
+2.6181871000e-01   -1.1515780683e-02   
+2.6762199000e-01   -1.2138805804e-02   
+2.7333781000e-01   -1.2615460349e-02   
+2.7896553000e-01   -1.2913865070e-02   
+2.8450471000e-01   -1.3001486932e-02   
+2.8995499000e-01   -1.2845642440e-02   
+2.9531607000e-01   -1.2414045647e-02   
+3.0058777000e-01   -1.1675366050e-02   
+3.0576998000e-01   -1.0599793044e-02   
+3.1086266000e-01   -9.1595930510e-03   
+3.1586587000e-01   -7.3296321970e-03   
+3.2077977000e-01   -5.0878624589e-03   
+3.2560456000e-01   -2.4157946331e-03   
+3.3034050000e-01   +7.0110636050e-04   
+3.3498797000e-01   +4.2731350159e-03   
+3.3954734000e-01   +8.3059933354e-03   
+3.4401911000e-01   +1.2800711800e-02   
+3.4840384000e-01   +1.7753501001e-02   
+3.5270208000e-01   +2.3155633155e-02   
+3.5691452000e-01   +2.8993667522e-02   
+3.6104181000e-01   +3.5249347155e-02   
+3.6508474000e-01   +4.1900044225e-02   
+3.6904407000e-01   +4.8918768202e-02   
+3.7292063000e-01   +5.6274633795e-02   
+3.7671530000e-01   +6.3933206916e-02   
+3.8042900000e-01   +7.1856900976e-02   
+3.8406265000e-01   +8.0005331682e-02   
+3.8761723000e-01   +8.8335912782e-02   
+3.9109370000e-01   +9.6804157373e-02   
+3.9449313000e-01   +1.0536448279e-01   
+3.9781657000e-01   +1.1397039273e-01   
+4.0106508000e-01   +1.2257502275e-01   
+4.0423971000e-01   +1.3113154974e-01   
+4.0734160000e-01   +1.3959390790e-01   
+4.1037187000e-01   +1.4791691311e-01   
+4.1333163000e-01   +1.5605667183e-01   
+4.1622201000e-01   +1.6397101590e-01   
+4.1904420000e-01   +1.7161992542e-01   
+4.2179933000e-01   +1.7896547476e-01   
+4.2448854000e-01   +1.8597226309e-01   
+4.2711303000e-01   +1.9260773454e-01   
+4.2967397000e-01   +1.9884209241e-01   
+4.3217248000e-01   +2.0464838205e-01   
+4.3460977000e-01   +2.1000290002e-01   
+4.3698695000e-01   +2.1488479982e-01   
+4.3930525000e-01   +2.1927657401e-01   
+4.4156578000e-01   +2.2316353851e-01   
+4.4376966000e-01   +2.2653407319e-01   
+4.4591811000e-01   +2.2937964822e-01   
+4.4801220000e-01   +2.3169436482e-01   
+4.5005307000e-01   +2.3347516672e-01   
+4.5204183000e-01   +2.3472157003e-01   
+4.5397961000e-01   +2.3543555785e-01   
+4.5586747000e-01   +2.3562139014e-01   
+4.5770651000e-01   +2.3528548915e-01   
+4.5949781000e-01   +2.3443623801e-01   
+4.6124241000e-01   +2.3308384054e-01   
+4.6294135000e-01   +2.3124014326e-01   
+4.6459568000e-01   +2.2891843033e-01   
+4.6620640000e-01   +2.2613333110e-01   
+4.6777451000e-01   +2.2290060376e-01   
+4.6930102000e-01   +2.1923692703e-01   
+4.7078687000e-01   +2.1515993759e-01   
+4.7223306000e-01   +2.1068775397e-01   
+4.7364047000e-01   +2.0583935740e-01   
+4.7501010000e-01   +2.0063369049e-01   
+4.7634277000e-01   +1.9509059372e-01   
+4.7763947000e-01   +1.8922934044e-01   
+4.7890100000e-01   +1.8307001808e-01   
+4.8012826000e-01   +1.7663217179e-01   
+4.8132208000e-01   +1.6993548948e-01   
+4.8248330000e-01   +1.6299932674e-01   
+4.8361272000e-01   +1.5584291309e-01   
+4.8471117000e-01   +1.4848484926e-01   
+4.8577940000e-01   +1.4094376389e-01   
+4.8681819000e-01   +1.3323754348e-01   
+4.8782828000e-01   +1.2538376447e-01   
+4.8881042000e-01   +1.1739928497e-01   
+4.8976532000e-01   +1.0930060271e-01   
+4.9069366000e-01   +1.0110378389e-01   
+4.9159616000e-01   +9.2823815015e-02   
+4.9247351000e-01   +8.4475172611e-02   
+4.9332634000e-01   +7.6072141003e-02   
+4.9415529000e-01   +6.7628158086e-02   
+4.9496099000e-01   +5.9155986181e-02   
+4.9574405000e-01   +5.0667816895e-02   
+4.9650511000e-01   +4.2174719615e-02   
+4.9724472000e-01   +3.3687976225e-02   
+4.9796346000e-01   +2.5217778045e-02   
+4.9866188000e-01   +1.6773905171e-02   
+4.9934056000e-01   +8.3650137431e-03   
+5.0000000000e-01   +0.0000000000e+00   
