0.00773366400
0.01546732500
0.02319748700
0.03092066200
0.03863337300
0.04633215800
0.05401358800
0.06167426000
0.06931080700
0.07691991300
0.08449829400
0.09204274400
0.09955009800
0.10701726000
0.11444119000
0.12181896000
0.12914768000
0.13642456000
0.14364690000
0.15081206000
0.15791754000
0.16496091000
0.17193982000
0.17885207000
0.18569548000
0.19246808000
0.19916792000
0.20579319000
0.21234219000
0.21881332000
0.22520506000
0.23151606000
0.23774503000
0.24389079000
0.24995227000
0.25592855000
0.26181871000
0.26762199000
0.27333781000
0.27896553000
0.28450471000
0.28995499000
0.29531607000
0.30058777000
0.30576998000
0.31086266000
0.31586587000
0.32077977000
0.32560456000
0.33034050000
0.33498797000
0.33954734000
0.34401911000
0.34840384000
0.35270208000
0.35691452000
0.36104181000
0.36508474000
0.36904407000
0.37292063000
0.37671530000
0.38042900000
0.38406265000
0.38761723000
0.39109370000
0.39449313000
0.39781657000
0.40106508000
0.40423971000
0.40734160000
0.41037187000
0.41333163000
0.41622201000
0.41904420000
0.42179933000
0.42448854000
0.42711303000
0.42967397000
0.43217248000
0.43460977000
0.43698695000
0.43930525000
0.44156578000
0.44376966000
0.44591811000
0.44801220000
0.45005307000
0.45204183000
0.45397961000
0.45586747000
0.45770651000
0.45949781000
0.46124241000
0.46294135000
0.46459568000
0.46620640000
0.46777451000
0.46930102000
0.47078687000
0.47223306000
0.47364047000
0.47501010000
0.47634277000
0.47763947000
0.47890100000
0.48012826000
0.48132208000
0.48248330000
0.48361272000
0.48471117000
0.48577940000
0.48681819000
0.48782828000
0.48881042000
0.48976532000
0.49069366000
0.49159616000
0.49247351000
0.49332634000
0.49415529000
0.49496099000
0.49574405000
0.49650511000
0.49724472000
0.49796346000
0.49866188000
0.49934056000
0.50000000000